0.5 0.00030152 -0.461206 0.213085
0.6 0.0001367 -0.532455 0.284157
0.7 0.00023402 -0.583461 0.340737
0.8 -0.00058284 -0.652928 0.426744
0.9 -0.00014212 -0.71621 0.513224
1 -1.486e-05 -0.755229 0.570626
1.1 0.00136562 -0.795977 0.633909
1.2 0.0003482 -0.845667 0.71537
1.3 -0.00120984 -0.852677 0.727189
1.4 -0.0011193 -0.877106 0.769509
1.5 0.00032532 -0.905744 0.820539
1.6 0.0008933 -0.910959 0.82994
1.7 -0.00133978 -0.930978 0.86687
1.8 0.00125144 -0.947802 0.898388
1.9 -0.00048786 -0.95823 0.918288
2 -0.00283026 -0.961374 0.924314
2.1 0.00445622 -0.966733 0.934612
2.2 0.00815932 -0.975801 0.952232
2.3 -0.007057 -0.977737 0.956027
2.4 -0.00951016 -0.983151 0.966631
2.5 -0.00115876 -0.987529 0.975256
2.6 0.00517024 -0.99049 0.981101
2.7 0.00148422 -0.989008 0.978161
2.8 0.00159922 -0.98757 0.975329
2.9 0.00204904 -0.990851 0.981814
3 0.0189244 -0.988002 0.976184
3.1 -0.0306636 -0.990599 0.981312
3.2 0.0314742 -0.988137 0.976448
3.3 0.00878254 -0.989033 0.97821
3.4 0.00512384 -0.987995 0.97616
3.5 -0.0159124 -0.988565 0.9773
3.6 0.00917074 -0.987061 0.974319
3.7 -0.019871 -0.987756 0.975701
3.8 0.0116428 -0.987084 0.974351
3.9 -0.01808 -0.990469 0.981051
