0.5 -356.42 127.186
0.6 -526.416 277.418
0.7 -598.568 358.664
0.8 -641.064 411.426
0.9 -692.572 480.156
1 -703.248 495.056
1.1 -765.364 586.373
1.2 -764.024 584.333
1.3 -801.308 642.742
1.4 -860.056 740.45
1.5 -875.292 766.906
1.6 -915.936 839.802
1.7 -933.008 871.387
1.8 -944.476 892.947
1.9 -951.612 906.475
2 -955.008 912.953
2.1 -974.276 950.166
2.2 -978.928 959.26
2.3 -965.144 932.44
2.4 -974.984 951.546
2.5 -978.544 958.509
2.6 -979.004 959.408
2.7 -984.816 970.837
2.8 -990.98 983.024
2.9 -990.996 983.056
3 -991.004 983.072
3.1 -990.988 983.04
3.2 -994.96 990.937
3.3 -987 975.144
3.4 -994.616 990.253
3.5 -986.98 975.105
3.6 -983 967.256
3.7 -986.984 975.113
3.8 -981.4 964.114
3.9 -986.984 975.113
