0 0.5
1 0.25
2 0.1875
3 0.152344
4 0.129135
5 0.112459
6 0.0998122
7 0.0898497
8 0.0817767
9 0.0750893
10 0.0694509
11 0.0646275
12 0.0604508
13 0.0567965
14 0.0535706
15 0.0507008
16 0.0481302
17 0.0458137
18 0.0437148
19 0.0418038
20 0.0400563
21 0.0384518
22 0.0369732
23 0.0356062
24 0.0343384
25 0.0331593
26 0.0320597
27 0.0310319
28 0.0300689
29 0.0291648
30 0.0283142
31 0.0275125
32 0.0267556
33 0.0260397
34 0.0253617
35 0.0247184
36 0.0241074
37 0.0235263
38 0.0229728
39 0.022445
40 0.0219413
41 0.0214598
42 0.0209993
43 0.0205583
44 0.0201357
45 0.0197302
46 0.019341
47 0.0189669
48 0.0186071
49 0.0182609
50 0.0179275
51 0.0176061
52 0.0172961
53 0.0169969
54 0.016708
55 0.0164289
56 0.016159
57 0.0158979
58 0.0156451
59 0.0154004
60 0.0151632
61 0.0149333
62 0.0147103
63 0.0144939
64 0.0142838
65 0.0140798
66 0.0138815
67 0.0136888
68 0.0135014
69 0.0133192
70 0.0131418
71 0.0129691
72 0.0128009
73 0.012637
74 0.0124773
75 0.0123216
76 0.0121698
77 0.0120217
78 0.0118772
79 0.0117361
80 0.0115984
81 0.0114638
82 0.0113324
83 0.011204
84 0.0110785
85 0.0109557
86 0.0108357
87 0.0107183
88 0.0106034
89 0.010491
90 0.0103809
91 0.0102732
92 0.0101676
93 0.0100642
94 0.00996295
95 0.00986369
96 0.0097664
97 0.00967102
98 0.00957749
99 0.00948576

0 0.5
1 0.5
2 0.5
3 0.5
4 0.5
5 0.5
6 0.5
7 0.5
8 0.5
9 0.5
10 0.5
11 0.5
12 0.5
13 0.5
14 0.5
15 0.5
16 0.5
17 0.5
18 0.5
19 0.5
20 0.5
21 0.5
22 0.5
23 0.5
24 0.5
25 0.5
26 0.5
27 0.5
28 0.5
29 0.5
30 0.5
31 0.5
32 0.5
33 0.5
34 0.5
35 0.5
36 0.5
37 0.5
38 0.5
39 0.5
40 0.5
41 0.5
42 0.5
43 0.5
44 0.5
45 0.5
46 0.5
47 0.5
48 0.5
49 0.5
50 0.5
51 0.5
52 0.5
53 0.5
54 0.5
55 0.5
56 0.5
57 0.5
58 0.5
59 0.5
60 0.5
61 0.5
62 0.5
63 0.5
64 0.5
65 0.5
66 0.5
67 0.5
68 0.5
69 0.5
70 0.5
71 0.5
72 0.5
73 0.5
74 0.5
75 0.5
76 0.5
77 0.5
78 0.5
79 0.5
80 0.5
81 0.5
82 0.5
83 0.5
84 0.5
85 0.5
86 0.5
87 0.5
88 0.5
89 0.5
90 0.5
91 0.5
92 0.5
93 0.5
94 0.5
95 0.5
96 0.5
97 0.5
98 0.5
99 0.5

0 0.5
1 0.75
2 0.5625
3 0.738281
4 0.579666
5 0.73096
6 0.589973
7 0.725715
8 0.597158
9 0.721681
10 0.602573
11 0.718436
12 0.606857
13 0.715745
14 0.610362
15 0.71346
16 0.613304
17 0.711487
18 0.61582
19 0.709757
20 0.618006
21 0.708224
22 0.619929
23 0.706851
24 0.621637
25 0.705613
26 0.62317
27 0.704488
28 0.624555
29 0.703458
30 0.625814
31 0.702513
32 0.626966
33 0.701639
34 0.628025
35 0.700829
36 0.629004
37 0.700074
38 0.629911
39 0.699369
40 0.630755
41 0.698709
42 0.631544
43 0.698088
44 0.632283
45 0.697504
46 0.632977
47 0.696951
48 0.63363
49 0.696429
50 0.634247
51 0.695933
52 0.634831
53 0.695462
54 0.635384
55 0.695014
56 0.635909
57 0.694586
58 0.636409
59 0.694178
60 0.636885
61 0.693788
62 0.637339
63 0.693414
64 0.637773
65 0.693056
66 0.638188
67 0.692712
68 0.638586
69 0.692382
70 0.638968
71 0.692064
72 0.639335
73 0.691758
74 0.639687
75 0.691463
76 0.640026
77 0.691178
78 0.640353
79 0.690903
80 0.640668
81 0.690637
82 0.640972
83 0.690381
84 0.641266
85 0.690132
86 0.641549
87 0.689891
88 0.641824
89 0.689658
90 0.64209
91 0.689432
92 0.642347
93 0.689212
94 0.642596
95 0.688999
96 0.642838
97 0.688792
98 0.643073
99 0.68859

0 0.5
1 0.875
2 0.382812
3 0.826935
4 0.500898
5 0.874997
6 0.38282
7 0.826941
8 0.500884
9 0.874997
10 0.38282
11 0.826941
12 0.500884
13 0.874997
14 0.38282
15 0.826941
16 0.500884
17 0.874997
18 0.38282
19 0.826941
20 0.500884
21 0.874997
22 0.38282
23 0.826941
24 0.500884
25 0.874997
26 0.38282
27 0.826941
28 0.500884
29 0.874997
30 0.38282
31 0.826941
32 0.500884
33 0.874997
34 0.38282
35 0.826941
36 0.500884
37 0.874997
38 0.38282
39 0.826941
40 0.500884
41 0.874997
42 0.38282
43 0.826941
44 0.500884
45 0.874997
46 0.38282
47 0.826941
48 0.500884
49 0.874997
50 0.38282
51 0.826941
52 0.500884
53 0.874997
54 0.38282
55 0.826941
56 0.500884
57 0.874997
58 0.38282
59 0.826941
60 0.500884
61 0.874997
62 0.38282
63 0.826941
64 0.500884
65 0.874997
66 0.38282
67 0.826941
68 0.500884
69 0.874997
70 0.38282
71 0.826941
72 0.500884
73 0.874997
74 0.38282
75 0.826941
76 0.500884
77 0.874997
78 0.38282
79 0.826941
80 0.500884
81 0.874997
82 0.38282
83 0.826941
84 0.500884
85 0.874997
86 0.38282
87 0.826941
88 0.500884
89 0.874997
90 0.38282
91 0.826941
92 0.500884
93 0.874997
94 0.38282
95 0.826941
96 0.500884
97 0.874997
98 0.38282
99 0.826941

0 0.5
1 0.8875
2 0.354445
3 0.812289
4 0.541288
5 0.881448
6 0.370965
7 0.828392
8 0.504662
9 0.887423
10 0.354658
11 0.812508
12 0.540802
13 0.88159
14 0.370581
15 0.82804
16 0.505483
17 0.887393
18 0.354739
19 0.812592
20 0.540616
21 0.881644
22 0.370435
23 0.827906
24 0.505795
25 0.887381
26 0.354773
27 0.812628
28 0.540537
29 0.881666
30 0.370374
31 0.82785
32 0.505927
33 0.887375
34 0.354788
35 0.812643
36 0.540503
37 0.881676
38 0.370347
39 0.827825
40 0.505984
41 0.887373
42 0.354795
43 0.81265
44 0.540487
45 0.881681
46 0.370335
47 0.827814
48 0.50601
49 0.887372
50 0.354798
51 0.812653
52 0.54048
53 0.881683
54 0.37033
55 0.827809
56 0.506021
57 0.887371
58 0.354799
59 0.812655
60 0.540477
61 0.881684
62 0.370328
63 0.827807
64 0.506026
65 0.887371
66 0.3548
67 0.812655
68 0.540476
69 0.881684
70 0.370326
71 0.827806
72 0.506029
73 0.887371
74 0.3548
75 0.812655
76 0.540475
77 0.881684
78 0.370326
79 0.827805
80 0.50603
81 0.887371
82 0.3548
83 0.812656
84 0.540475
85 0.881684
86 0.370326
87 0.827805
88 0.50603
89 0.887371
90 0.3548
91 0.812656
92 0.540475
93 0.881684
94 0.370326
95 0.827805
96 0.50603
97 0.887371
98 0.3548
99 0.812656

0 0.5
1 0.9
2 0.324
3 0.788486
4 0.600392
5 0.863717
6 0.423756
7 0.879072
8 0.382695
9 0.850462
10 0.457835
11 0.893599
12 0.342286
13 0.810455
14 0.553025
15 0.889878
16 0.352782
17 0.821977
18 0.526792
19 0.897416
20 0.331418
21 0.797689
22 0.580973
23 0.876396
24 0.389974
25 0.856419
26 0.442675
27 0.88817
28 0.357567
29 0.826966
30 0.515136
31 0.899175
32 0.326373
33 0.791473
34 0.594157
35 0.868084
36 0.412251
37 0.87228
38 0.401067
39 0.864764
40 0.42101
41 0.877538
42 0.386874
43 0.853929
44 0.449044
45 0.890652
46 0.350606
47 0.819653
48 0.532158
49 0.896277
50 0.334672
51 0.8016
52 0.572535
53 0.881059
54 0.377258
55 0.845763
56 0.469611
57 0.896676
58 0.333535
59 0.800242
60 0.575478
61 0.879491
62 0.381552
63 0.849492
64 0.460279
65 0.89432
66 0.340242
67 0.808118
68 0.558227
69 0.887795
70 0.358615
71 0.828037
72 0.51261
73 0.899428
74 0.325647
75 0.790564
76 0.596061
77 0.86678
78 0.4157
79 0.874416
80 0.395325
81 0.860555
82 0.432
83 0.883354
84 0.370944
85 0.84004
86 0.483742
87 0.899048
88 0.326737
89 0.791928
90 0.593201
91 0.868729
92 0.410541
93 0.871189
94 0.403987
95 0.866813
96 0.415613
97 0.874364
98 0.395467
99 0.860662

